 -5 
 8 
 21 
 34 
 47 
 60 
 73 
 86 
 99 
 112 
 125 
 138 
 151 
 164 
 24 
 37 
 50 
 63 
 76 
 89 
 102 
 115 
 128 
 141 
 154 
 167 
 180 
 193 
 53 
 66 
 79 
 92 
 105 
 118 
 131 
 144 
 157 
 170 
 183 
 196 
 209 
 222 
 82 
 95 
 108 
 121 
 134 
 147 
 160 
 173 
 186 
 199 
 212 
 225 
 238 
 251 
 111 
 124 
 137 
 150 
 163 
 176 
 189 
 202 
 215 
 228 
 241 
 254 
 267 
 280 
 140 
 153 
 166 
 179 
 192 
 205 
 218 
 231 
 244 
 257 
 270 
 283 
 296 
 309 
 169 
 182 
 195 
 208 
 221 
 234 
 247 
 260 
 273 
 286 
 299 
 312 
 325 
 338 
 198 
 211 
 224 
 237 
 250 
 263 
 276 
 289 
 302 
 315 
 328 
 341 
 354 
 367 
 227 
 240 
 253 
 266 
 279 
 292 
 305 
 318 
 331 
 344 
 357 
 370 
 383 
 396 
 256 
 269 
 282 
 295 
 308 
 321 
 334 
 347 
 360 
 373 
 386 
 399 
 412 
 425 
 285 
 298 
 311 
 324 
 337 
 350 
 363 
 376 
 389 
 402 
 415 
 428 
 441 
 454 
