 -14 
 8 
 30 
 52 
 74 
 96 
 118 
 140 
 162 
 184 
 206 
 228 
 250 
 272 
 -12 
 10 
 32 
 54 
 76 
 98 
 120 
 142 
 164 
 186 
 208 
 230 
 252 
 274 
 -10 
 12 
 34 
 56 
 78 
 100 
 122 
 144 
 166 
 188 
 210 
 232 
 254 
 276 
 -8 
 14 
 36 
 58 
 80 
 102 
 124 
 146 
 168 
 190 
 212 
 234 
 256 
 278 
 -6 
 16 
 38 
 60 
 82 
 104 
 126 
 148 
 170 
 192 
 214 
 236 
 258 
 280 
 -4 
 18 
 40 
 62 
 84 
 106 
 128 
 150 
 172 
 194 
 216 
 238 
 260 
 282 
 -2 
 20 
 42 
 64 
 86 
 108 
 130 
 152 
 174 
 196 
 218 
 240 
 262 
 284 
 0 
 22 
 44 
 66 
 88 
 110 
 132 
 154 
 176 
 198 
 220 
 242 
 264 
 286 
 2 
 24 
 46 
 68 
 90 
 112 
 134 
 156 
 178 
 200 
 222 
 244 
 266 
 288 
 4 
 26 
 48 
 70 
 92 
 114 
 136 
 158 
 180 
 202 
 224 
 246 
 268 
 290 
 6 
 28 
 50 
 72 
 94 
 116 
 138 
 160 
 182 
 204 
 226 
 248 
 270 
 292 
